#run time for FE_DGQ<3>(3), 6 smoothening steps, 
#unrestricted number of threads, BlockJacobi smoothening (!same_diagonal)
#varying number of MPI processes
1	1280
2	857
3	739
4	584
5	555
6	454
7	404
8	343
9	355
10	333
11	314
12	291
13	284
14	277
15	266
16	254
17	256
18	248
19	246
20	240
21	243
22	241
23	237
24	229
25	231
26	247
27	216
28	212
29	214
30	211
31	211
32	205
33	208
34	211
35	208
36	209
37	208
38	207
39	207
40	203
41	210
42	206
43	205
44	206
45	209
46	205
47	206
48	206
49	207
50	208
51	206
52	208
53	208
54	206
55	207
56	206
57	211
58	209
59	208
60	208
61	211
62	210
63	208
64	205
65	208
66	210
67	214
68	213
69	213
70	214
71	213
72	210
73	214
74	212
75	215
76	210
77	211
78	211
79	214	
80	215
81	221
82	215
83	215
84	213
85	219
86	223
87	223
88	230
89	231
90	240
91	233
92	236
93	235
94	248
95 	254
96	241
97	242
98	238
99	237
100	238
